1.113641320365458114e+02 4.250854408749148661e+00 -9.000000000000000000e+01
4.025714706749187144e+01 7.626623376623371087e+00 -9.000000000000000000e+01
5.203330386089004378e+01 -8.209381408065618757e+01 -9.000000000000000000e+01
-1.498115237253168175e+02 2.106978810663021022e+02 -9.000000000000000000e+01
-3.745048629531387974e+01 8.376794258373195134e+00 -9.000000000000000000e+01
-1.177833775419982203e+02 2.109979494190020546e+02 -9.000000000000000000e+01
-1.619627173592690781e+02 -1.332554682159945401e+02 -9.000000000000000000e+01
-1.127291482463897410e+01 8.376794258373195134e+00 -9.000000000000000000e+01
1.696448570586501887e+02 1.873675666438824123e+02 -9.000000000000000000e+01
-2.389952844090774988e+02 -8.201879699248121369e+01 -9.000000000000000000e+01
6.815988800471558307e+01 7.626623376623371087e+00 -9.000000000000000000e+01
6.643471853816680550e+01 -8.096855775803143729e+01 -9.000000000000000000e+01
7.708576480990274149e+01 -7.631749829118248840e+01 -9.000000000000000000e+01
-8.215487768936046109e+01 2.108479152426521068e+02 -9.000000000000000000e+01
-1.425358090185676474e+02 -1.333304853041695139e+02 -9.000000000000000000e+01
1.827998821102266902e+01 8.151742993848245078e+00 -9.000000000000000000e+01
-4.022575891541407600e+01 2.108479152426521068e+02 -9.000000000000000000e+01
-9.618125552608310613e+01 -1.844171223513328641e+02 -9.000000000000000000e+01
-1.336849395814913066e+02 -1.843421052631578902e+02 -9.000000000000000000e+01
4.723283230179782777e+01 -1.844171223513328641e+02 -9.000000000000000000e+01
7.123519009725907836e+01 -1.846421736158578142e+02 -9.000000000000000000e+01
-8.943059239610963118e+01 8.601845522898145191e+00 -9.000000000000000000e+01
-6.085278514588858911e+01 8.526828434723171313e+00 -9.000000000000000000e+01
9.118715001473623261e+01 -1.846421736158578142e+02 -9.000000000000000000e+01
1.112891246684350222e+02 -1.838169856459330163e+02 -9.000000000000000000e+01
-2.010415561450044208e+02 -8.246889952153111381e+01 -9.000000000000000000e+01
-3.737547892720306209e+01 9.734706083390295817e+01 -9.000000000000000000e+01
-2.572060123784240204e+00 2.109229323308270523e+02 -9.000000000000000000e+01
2.953109342764514622e+01 2.109979494190020546e+02 -9.000000000000000000e+01
-3.827556734453287390e+01 -8.216883116883116145e+01 -9.000000000000000000e+01
-1.007279693486589167e+01 9.734706083390295817e+01 -9.000000000000000000e+01
1.820498084291187979e+01 9.734706083390295817e+01 -9.000000000000000000e+01
7.581063955201886984e+01 2.112980177717020069e+02 -9.000000000000000000e+01
-1.307309165929854089e+01 -8.216883116883116145e+01 -9.000000000000000000e+01
1.136893604479811302e+02 2.103978127136022067e+02 -9.000000000000000000e+01
1.970512820512823282e+01 -8.209381408065618757e+01 -9.000000000000000000e+01
1.471426466254052343e+02 2.010206766917293066e+02 -9.000000000000000000e+01
-1.142580312407898475e+02 -1.321302118933697898e+02 -9.000000000000000000e+01
1.364165929855585091e+02 -1.763902939166097212e+02 -9.000000000000000000e+01
1.132393162393162243e+02 1.406319207108680871e+02 -9.000000000000000000e+01
7.588564692012965907e+01 1.478335611756664321e+02 -9.000000000000000000e+01
-5.947391688771006102e+00 -1.841920710868079141e+02 -9.000000000000000000e+01
-9.558119658119659334e+01 -1.328803827751196138e+02 -9.000000000000000000e+01
-5.200191570881224834e+01 -1.842670881749829164e+02 -9.000000000000000000e+01
-7.832950191570881771e+01 -1.304798359535201655e+02 -9.000000000000000000e+01
3.958208075449454100e+01 1.472334244702665842e+02 -9.000000000000000000e+01
-1.132829354553492465e+02 8.601845522898145191e+00 -9.000000000000000000e+01
1.283908045977011625e+02 3.650717703349272369e+00 -9.000000000000000000e+01
-9.805643972885351900e+01 1.417571770334928374e+02 9.000000000000000000e+01
-2.614974948423224532e+02 -6.401572112098421030e+00 9.000000000000000000e+01
-8.170483348069555518e+01 1.410820232399179872e+02 9.000000000000000000e+01
-2.357699675803124251e+02 8.144343814080656330e+01 9.000000000000000000e+01
4.123224285293252933e+01 8.256869446343131358e+01 9.000000000000000000e+01
1.115891541408782928e+02 -2.098479152426520784e+02 9.000000000000000000e+01
1.489428234600648580e+02 -1.991954887218045087e+02 9.000000000000000000e+01
-2.287942823460064687e+02 -6.401572112098421030e+00 9.000000000000000000e+01
-2.034417919245505573e+02 8.159347231715651105e+01 9.000000000000000000e+01
-2.014165929855585091e+02 -6.626623376623371087e+00 9.000000000000000000e+01
1.632979664014146692e+01 1.849670198222829640e+02 9.000000000000000000e+01
1.733952254641909576e+02 -1.829917976760082183e+02 9.000000000000000000e+01
-1.405856174476864169e+02 8.181852358168146111e+01 9.000000000000000000e+01
4.393250810492190794e+01 -1.519347231715652811e+02 9.000000000000000000e+01
7.041010904804005577e+01 -1.514096035543403787e+02 9.000000000000000000e+01
1.557684939581491221e+02 1.650874914559125273e+02 9.000000000000000000e+01
-1.446360153256704848e+02 -2.100729665071770285e+02 9.000000000000000000e+01
-1.614376657824933545e+02 1.412320574162679350e+02 9.000000000000000000e+01
-1.046570881226053586e+02 -2.102230006835270046e+02 9.000000000000000000e+01
-1.159832007073386251e+02 -9.852255639097744222e+01 9.000000000000000000e+01
1.067886825817860199e+02 -1.466085099111414820e+02 9.000000000000000000e+01
-1.120828175655761925e+02 8.166848940533151335e+01 9.000000000000000000e+01
-8.493015030946065735e+01 -9.762235133287764199e+01 9.000000000000000000e+01
1.439923371647509498e+02 -1.280792891319207172e+02 9.000000000000000000e+01
-8.763041556145003597e+01 8.196855775803146571e+01 9.000000000000000000e+01
1.387418213969938279e+02 1.764150717703349187e+02 9.000000000000000000e+01
1.103890362511052103e+02 1.848920027341080186e+02 9.000000000000000000e+01
-1.997376952549365114e+01 1.850420369104579663e+02 9.000000000000000000e+01
-2.533216917182434429e+02 7.941797676008201279e+01 9.000000000000000000e+01
-6.302799882110227259e+01 1.850420369104579663e+02 9.000000000000000000e+01
-1.793644267609784890e+02 -9.814747095010253020e+01 9.000000000000000000e+01
-1.584373710580607053e+02 -9.777238550922761817e+01 9.000000000000000000e+01
-1.599375184202770583e+02 -6.701640464798373387e+00 9.000000000000000000e+01
-9.948157972295902596e+01 1.850420369104579663e+02 9.000000000000000000e+01
-1.366852343059239558e+02 1.851170539986329686e+02 9.000000000000000000e+01
8.031108163866787208e+01 7.304152426520846575e+01 9.000000000000000000e+01
6.343442381373415628e+01 8.166848940533151335e+01 9.000000000000000000e+01
-1.401355732390215110e+02 -9.777238550922761817e+01 9.000000000000000000e+01
-1.396105216622457874e+02 -6.701640464798373387e+00 9.000000000000000000e+01
-1.591874447391688818e+02 8.181852358168146111e+01 9.000000000000000000e+01
-1.384104037724727334e+02 1.410820232399179872e+02 9.000000000000000000e+01
-6.227792513999409607e+01 -2.099979494190020546e+02 9.000000000000000000e+01
-9.472737989979350459e+00 -2.100729665071770285e+02 9.000000000000000000e+01
-6.152785145888594798e+01 8.181852358168146111e+01 9.000000000000000000e+01
7.813586796345418861e+01 1.854921394395078664e+02 9.000000000000000000e+01
4.295741231948130689e+01 1.852670881749829164e+02 9.000000000000000000e+01
3.440657235484820831e+01 -2.102230006835270046e+02 9.000000000000000000e+01
7.633569112879456497e+01 -2.104480519480519547e+02 9.000000000000000000e+01
-1.158331859711170182e+02 1.397317156527682869e+02 9.000000000000000000e+01
-2.628476274683171141e+02 3.890874914559122999e+01 -1.800000000000000000e+02
-1.820646920129678961e+02 1.325290498974709408e+01 -1.800000000000000000e+02
-1.752390215148835750e+02 -1.273291182501708789e+02 -1.800000000000000000e+02
-1.821396993810786853e+02 -1.082758031442241986e+01 -1.800000000000000000e+02
1.879466548776893546e+02 1.689883800410116237e+02 -1.800000000000000000e+02
-1.821396993810786853e+02 -4.556049213943950349e+01 -1.800000000000000000e+02
-1.821396993810786853e+02 -7.916814764183186526e+01 -1.800000000000000000e+02
2.052733569112879195e+02 1.380813397129186342e+02 -1.800000000000000000e+02
1.955974064249926414e+02 -1.568858509911141539e+02 -1.800000000000000000e+02
2.120990274093722405e+02 1.070242652084757538e+02 -1.800000000000000000e+02
-1.822147067491895029e+02 1.028983253588516504e+02 -1.800000000000000000e+02
1.573436486884762644e+02 2.990669856459331299e+01 -1.800000000000000000e+02
1.573436486884762644e+02 6.351435406698561792e+01 -1.800000000000000000e+02
-1.813896256999705088e+02 1.235280246069719965e+02 -1.800000000000000000e+02
1.574186560565871105e+02 8.947026657552970619e+01 -1.800000000000000000e+02
1.397919245505452182e+02 1.266787423103212404e+02 -1.800000000000000000e+02
-2.626976127320954788e+02 -3.235748462064250930e+01 -1.800000000000000000e+02
-2.623975832596522082e+02 -5.711312371838687341e+01 -1.800000000000000000e+02
2.065484821691718480e+02 -1.330304169514695900e+02 -1.800000000000000000e+02
2.126240789861479357e+02 7.761756664388241234e+01 -1.800000000000000000e+02
2.121740347774830298e+02 -9.507177033492823170e+01 -1.800000000000000000e+02
2.129991158267020523e+02 4.400991114149007899e+01 -1.800000000000000000e+02
-2.630726495726495955e+02 1.010218728639782171e+01 -1.800000000000000000e+02
-1.819896846448570500e+02 7.716746411483251222e+01 -1.800000000000000000e+02
-2.625475979958738435e+02 6.531476418318521837e+01 -1.800000000000000000e+02
-1.821396993810786853e+02 4.205946684894053078e+01 -1.800000000000000000e+02
-1.822147067491895029e+02 -1.132259056732740987e+02 -1.800000000000000000e+02
2.124740642499263004e+02 -6.461483253588517073e+01 -1.800000000000000000e+02
2.134491600353669583e+02 7.851674641148321143e+00 -1.800000000000000000e+02
2.128491010904804170e+02 -3.280758714969240941e+01 -1.800000000000000000e+02
1.568936044798113585e+02 -9.852255639097744222e+01 -1.800000000000000000e+02
1.573436486884762644e+02 -6.123906356801094830e+01 -1.800000000000000000e+02
1.573436486884762644e+02 -3.220745044429256154e+01 -1.800000000000000000e+02
1.574186560565871105e+02 -1.300410116199600452e+00 -1.800000000000000000e+02
2.218037135278513006e+01 1.149760765550239512e+02 0.000000000000000000e+00
2.203035661656349475e+01 1.418321941216677828e+02 0.000000000000000000e+00
-6.662835249042146302e+01 1.329801777170198420e+02 0.000000000000000000e+00
2.218037135278513006e+01 1.631370471633629791e+02 0.000000000000000000e+00
-5.762746831712348694e+01 1.167014695830485493e+02 0.000000000000000000e+00
9.388741526672561122e+01 1.085235816814764576e+01 0.000000000000000000e+00
-1.337599469496021243e+02 -1.265789473684210549e+02 0.000000000000000000e+00
2.218037135278513006e+01 3.200717703349280896e+01 0.000000000000000000e+00
2.278043029767167127e+01 -4.796103896103895181e+01 0.000000000000000000e+00
-1.342849985263778478e+02 -5.231203007518797676e+01 0.000000000000000000e+00
2.195534924845270552e+01 -1.345317840054681824e+01 0.000000000000000000e+00
-1.342849985263778478e+02 -2.140498974709501567e+01 0.000000000000000000e+00
1.863715001473622124e+02 -8.884535201640466084e+01 0.000000000000000000e+00
1.868965517241379075e+02 -5.606288448393712542e+01 0.000000000000000000e+00
-6.377807250221042068e+01 -1.190772385509227576e+02 0.000000000000000000e+00
-5.762746831712348694e+01 -1.015232399179767668e+02 0.000000000000000000e+00
1.649944002357795512e+02 1.560104237867395796e+02 0.000000000000000000e+00
2.623076923076922640e+01 -1.790158920027341196e+02 0.000000000000000000e+00
-1.340599764220453949e+02 1.325290498974709408e+01 0.000000000000000000e+00
2.548069554966104988e+01 -1.495341763499658327e+02 0.000000000000000000e+00
-1.338349543177129419e+02 4.115926179084073055e+01 0.000000000000000000e+00
1.871215738284703889e+02 -2.898171565276828687e+01 0.000000000000000000e+00
1.876466254052460840e+02 1.025222146274776946e+01 0.000000000000000000e+00
-5.792749778956675755e+01 9.959757347915240189e+01 0.000000000000000000e+00
9.358738579428234061e+01 2.990669856459331299e+01 0.000000000000000000e+00
8.826186265841437262e+01 -6.506493506493507084e+01 0.000000000000000000e+00
9.298732684939579940e+01 4.986124401913878046e+01 0.000000000000000000e+00
9.381240789861482199e+01 -4.961141490088857608e+01 0.000000000000000000e+00
-1.339849690539345772e+02 -1.114254955570744983e+02 0.000000000000000000e+00
2.218037135278513006e+01 7.656732740943266435e+01 0.000000000000000000e+00
9.403743000294724652e+01 -3.213243335611755924e+01 0.000000000000000000e+00
9.388741526672561122e+01 -1.112764866712234380e+01 0.000000000000000000e+00
2.473062186855293021e+01 -1.228280929596719062e+02 0.000000000000000000e+00
-1.334599174771588537e+02 7.281647300068351569e+01 0.000000000000000000e+00
-1.330848806366047654e+02 1.251784005468215923e+02 0.000000000000000000e+00
2.398054818744475369e+01 -1.010731373889268667e+02 0.000000000000000000e+00
1.872715885646920242e+02 4.468506493506492916e+01 0.000000000000000000e+00
1.643193339227822207e+02 -1.555355434039644535e+02 0.000000000000000000e+00
1.867465369879162722e+02 8.046821599453176077e+01 0.000000000000000000e+00
-5.747745358090185164e+01 -7.826794258373206503e+01 0.000000000000000000e+00
-5.725243147656939868e+01 -4.713585099111415389e+01 0.000000000000000000e+00
-5.650235779546125059e+01 2.975666438824333682e+01 0.000000000000000000e+00
-1.333099027409372184e+02 1.024482228298017503e+02 0.000000000000000000e+00
-1.341349837901562125e+02 -7.766780587833218874e+01 0.000000000000000000e+00
1.781956970232832305e+02 -1.345307587149692381e+02 0.000000000000000000e+00
1.862964927792514231e+02 1.065741626794258536e+02 0.000000000000000000e+00
1.850963748894783407e+02 -1.126257689678742366e+02 0.000000000000000000e+00
1.799958738579427973e+02 1.320799726589200418e+02 0.000000000000000000e+00
-5.702740937223694573e+01 -1.105263157894736992e+01 0.000000000000000000e+00
-5.657736516357206824e+01 5.923838004101162369e+01 0.000000000000000000e+00
